0.6509799670138913
0.1104831461218374
0.9487322995235848
0.9350320682273027
0.16478232417404193
0.38485461648365005
0.08639326780309453
0.315005297761067
0.8023028366863451
0.6496031136160714
0.7962574851305744
0.164420923423378
0.4825042760683509
0.8047727395508101
0.7803270539876489
0.2759408567588091
0.9749716852467887
0.578582943047105
0.4196047549416515
0.11757299157953471
0.4068652428616141
0.4944379117925306
0.29179147796453264
0.4339641481406764
0.1462588814012582
0.9057966838543904
0.5374915405996519
0.12119646145637719
0.571782746375264
0.03094110765640501
0.954473140341734
0.3681594456793299
0.26680818809826545
0.3933120411674297
0.930976139407418
0.8593282839907018
0.8609839342921698
0.45296653017051036
0.716754957200404
0.041786261488250376
0.08275265230901407
0.5008419901756834
0.0744898339604777
0.07358759936770853
0.5835475590795165
0.0798958188068819
0.054394666393660196
0.091064131400178
0.7476883745472769
0.29582187544824934
0.49129504559268256
0.8594375681939712
0.011567407663741536
0.38492830143279155
0.8361456469415626
0.7041066881502586
0.18153541284375707
0.8178932336199876
0.10290116471114219
0.8592366747558092
0.8619686023477652
0.035498754146566
0.03685053417067041
0.015785615374026674
0.3833172733301361
0.6360755517837361
0.0919691087756288
0.9028609018985423
0.5545079289651443
0.46427360007817287
0.4425394580763805
0.1943062563473832
0.15489002608079494
0.5869074607756116
0.048235856118017284
0.8966778678630138
0.32798965001429103
0.5840070929076988
0.7420637824372283
0.6452757312490189
0.9426523568063818
0.931838180812269
0.4169902671272553
0.011654421472412246
0.5467276383924161
0.5095386173476211
0.6497968219820645
0.009045076102118133
0.7542679432244975
0.42215084532698466
0.5196315229518153
0.4713784954331328
0.77928562474847
0.40021224256006604
0.9539326908107695
0.8771064881437944
0.35743113142554783
0.009698766332596143
0.6658412026724808
0.49077716862812437
